Webots Project File version R2023a
perspectives: 000000ff00000000fd000000030000000000000069000003c7fc0100000001fb0000001e00480074006d006c0052006f0062006f007400570069006e0064006f00770000000000000000690000000000000000000000010000027700000189fc0200000001fb0000001400540065007800740045006400690074006f00720000000016000001890000003f00ffffff000000030000055c00000197fc0100000001fb0000001a0043006f006e0073006f006c00650041006c006c0041006c006c01000000000000055c0000006900ffffff0000055c000001e900000001000000020000000100000008fc00000000
simulationViewPerspectives: 000000ff000000010000000200000119000004410100000002010000000100
sceneTreePerspectives: 000000ff00000001000000030000001c000000c0000000fa0100000002010000000200
maximizedDockId: -1
centralWidgetVisible: 1
orthographicViewHeight: 1
textFiles: -1
consoles: Console:All:All
renderingDevicePerspectives: MY_Crazyflie(1):camera;1;1.70625;0;0
renderingDevicePerspectives: MY_Crazyflie_ORIGINAL:camera;1;1.38125;0;0
