Webots Project File version R2023a
perspectives: 000000ff00000000fd000000030000000000000069000003c7fc0100000001fb0000001e00480074006d006c0052006f0062006f007400570069006e0064006f00770000000000000000690000000000000000000000010000022600000249fc0200000001fb0000001400540065007800740045006400690074006f00720100000016000002490000008900ffffff00000003000006480000013dfc0100000001fb0000001a0043006f006e0073006f006c00650041006c006c0041006c006c0100000000000006480000006900ffffff000004200000024900000001000000020000000100000008fc00000000
simulationViewPerspectives: 000000ff0000000100000002000000fa000003240100000002010000000100
sceneTreePerspectives: 000000ff00000001000000030000001c000000c0000000fa0100000002010000000200
maximizedDockId: -1
centralWidgetVisible: 1
orthographicViewHeight: 1
textFiles: 0 "controllers/drone_controller_py_tests_320x320/drone_controller_py_tests_320x320.py"
consoles: Console:All:All
renderingDevicePerspectives: MY_Crazyflie(1):camera;0;0.753125;0;0
renderingDevicePerspectives: MY_Crazyflie:camera;0;0.73125;0;0
