Webots Project File version R2023a
perspectives: 000000ff00000000fd00000003000000000000006900000388fc0100000001fb0000001e00480074006d006c0052006f0062006f007400570069006e0064006f0077000000000000000069000000000000000000000001000000cb00000321fc0200000001fb0000001400540065007800740045006400690074006f00720000000016000003210000003f00ffffff00000003000003f00000011efc0100000001fb0000001a0043006f006e0073006f006c00650041006c006c0041006c006c0100000000000003f00000006900ffffff000003f00000026200000001000000020000000100000008fc00000000
simulationViewPerspectives: 000000ff000000010000000200000133000001ee0100000002010000000100
sceneTreePerspectives: 000000ff00000001000000030000001c00000225000000fa0100000002010000000200
maximizedDockId: -1
centralWidgetVisible: 1
orthographicViewHeight: 1
textFiles: -1
consoles: Console:All:All
renderingDevicePerspectives: Crazyflie:camera;1;0.61875;0;0
renderingDevicePerspectives: Crazyflie:range-finder-full;1;0.621875;0;0.39493
