Webots Project File version R2023a
perspectives: 000000ff00000000fd000000030000000000000069000003c7fc0100000001fb0000001e00480074006d006c0052006f0062006f007400570069006e0064006f007700000000000000006900000000000000000000000100000277000002cefc0200000001fb0000001400540065007800740045006400690074006f00720100000016000002ce0000008900ffffff0000000300000648000000b8fc0100000001fb0000001a0043006f006e0073006f006c00650041006c006c0041006c006c0100000000000006480000006900ffffff000003cf000002ce00000001000000020000000100000008fc00000000
simulationViewPerspectives: 000000ff000000010000000200000100000003bd0100000002010000000100
sceneTreePerspectives: 000000ff00000001000000030000001c000000c0000000fa0100000002010000000200
maximizedDockId: -1
centralWidgetVisible: 1
orthographicViewHeight: 1
textFiles: 0 "controllers/drone_controller_py_tests_160x160/drone_controller_py_tests_160x160.py"
consoles: Console:All:All
renderingDevicePerspectives: MY_Crazyflie(1):camera;0;1.70625;0;0
renderingDevicePerspectives: MY_Crazyflie_ORIGINAL:camera;1;2.06875;0;0
