Webots Project File version R2022a
perspectives: 000000ff00000000fd00000003000000000000006900000388fc0100000001fb0000001e00480074006d006c0052006f0062006f007400570069006e0064006f0077000000000000000069000000000000000000000001000000cb00000265fc0200000001fb0000001400540065007800740045006400690074006f00720100000016000002650000008900ffffff00000003000003f000000121fc0100000001fb0000001a0043006f006e0073006f006c00650041006c006c0041006c006c0100000000000003f00000006900ffffff000003230000026500000001000000020000000100000008fc00000000
simulationViewPerspectives: 000000ff000000010000000200000100000003840100000002010000000100
sceneTreePerspectives: 000000ff0000000100000002000000c0000000fb0100000002010000000200
maximizedDockId: -1
centralWidgetVisible: 1
orthographicViewHeight: 1
textFiles: 1 "controllers/ibvs_gt/ibvs_gt.py" "controllers/drone_firmware_tests/drone_firmware_tests.py"
consoles: Console:All:All
renderingDevicePerspectives: Crazyflie:camera;0;1.70988;0;0
renderingDevicePerspectives: MY_Crazyflie:camera;1;1.73125;0;0
