Webots Project File version R2022a
perspectives: 000000ff00000000fd0000000200000001000000d000000215fc0200000001fb0000001400540065007800740045006400690074006f00720100000016000002150000003f00ffffff00000003000003ed00000139fc0100000001fb0000001a0043006f006e0073006f006c00650041006c006c0041006c006c0100000000000003ed0000006900ffffff0000031b0000021500000001000000020000000100000008fc00000000
simulationViewPerspectives: 000000ff000000010000000200000127000002470100000002010000000100
sceneTreePerspectives: 000000ff0000000100000002000000c0000000fb0100000002010000000200
maximizedDockId: -1
centralWidgetVisible: 1
orthographicViewHeight: 1
textFiles: -1
consoles: Console:All:All
renderingDevicePerspectives: Crazyflie:camera;1;1.46296;0;0
renderingDevicePerspectives: MY_Crazyflie:camera;1;1.48125;0;0
