Webots Project File version R2023a
perspectives: 000000ff00000000fd00000002000000010000023c000002e8fc0200000001fb0000001400540065007800740045006400690074006f00720000000016000002e80000003f00ffffff00000003000007380000009efc0100000001fb0000001a0043006f006e0073006f006c00650041006c006c0041006c006c0100000000000007380000006900ffffff000007380000030600000001000000020000000100000008fc00000000
simulationViewPerspectives: 000000ff0000000100000002000001cf000005670100000002010000000100
sceneTreePerspectives: 000000ff00000001000000030000001c000000c0000000fa0100000002010000000200
maximizedDockId: -1
centralWidgetVisible: 1
orthographicViewHeight: 1
textFiles: -1
consoles: Console:All:All
renderingDevicePerspectives: Crazyflie:camera;1;1.03358;0.782067;0
renderingDevicePerspectives: Crazyflie:range-finder-full;1;1;0;0
