Webots Project File version R2023a
perspectives: 000000ff00000000fd0000000200000001000001b700000614fc0200000001fb0000001400540065007800740045006400690074006f00720000000016000006140000003f00ffffff00000003000003f0000000d8fc0100000001fb0000001a0043006f006e0073006f006c00650041006c006c0041006c006c0100000000000003f00000006900ffffff000003f00000061400000001000000020000000100000008fc00000000
simulationViewPerspectives: 000000ff000000010000000200000100000005460100000002010000000100
sceneTreePerspectives: 000000ff00000001000000030000001c00000271000000fa0100000002010000000200
maximizedDockId: -1
centralWidgetVisible: 1
orthographicViewHeight: 1
textFiles: -1
consoles: Console:All:All
renderingDevicePerspectives: Crazyflie:camera;1;0.959375;0;0
renderingDevicePerspectives: Crazyflie:range-finder-full;1;0.959375;0;0
