Webots Project File version R2023a
perspectives: 000000ff00000000fd000000020000000100000330000002b9fc0200000001fb0000001400540065007800740045006400690074006f00720100000016000002b90000008900ffffff0000000300000738000000ebfc0100000001fb0000001a0043006f006e0073006f006c00650041006c006c0041006c006c0100000000000007380000006900ffffff00000406000002b900000001000000020000000100000008fc00000000
simulationViewPerspectives: 000000ff0000000100000002000001000000036d0100000002010000000100
sceneTreePerspectives: 000000ff00000001000000030000001c0000028e000000fa0100000002010000000200
maximizedDockId: -1
centralWidgetVisible: 1
orthographicViewHeight: 1
textFiles: 0 "controllers/drone_controller_py_test/drone_controller_py_test.py"
consoles: Console:All:All
renderingDevicePerspectives: Crazyflie:camera;1;0.940625;0;0
renderingDevicePerspectives: Crazyflie:range-finder-full;0;0.865625;0;0
